SLOC	Dir                   	ansic	cpp	objc	python	asm	sh	csh	java	lisp	tcl	exp	perl	awk	sed	ada	fortran	pascal	yacc	lex	
53141	AfterStep-1.8.0       	50898	233	0	0	0	842	0	0	0	0	0	1168	0	0	0	0	0	0	0	
140130	AfterStep-APPS-20000124	135806	741	0	0	0	3340	0	0	0	0	0	243	0	0	0	0	0	0	0	
16	AnotherLevel-1.0.1    	0	0	0	0	0	16	0	0	0	0	0	0	0	0	0	0	0	0	0	
834	ElectricFence-2.1     	834	0	0	0	0	0	0	0	0	0	0	0	0	0	0	0	0	0	0	
15108	GXedit1.23            	15019	0	0	0	0	89	0	0	0	0	0	0	0	0	0	0	0	0	0	
121878	ImageMagick-4.2.9     	99383	8870	0	0	0	11143	0	0	0	458	0	2024	0	0	0	0	0	0	0	
1020	MAKEDEV-2.5.2         	0	0	0	0	0	1020	0	0	0	0	0	0	0	0	0	0	0	0	0	
231072	Mesa                  	195796	17717	0	0	13467	4092	0	0	0	0	0	0	0	0	0	0	0	0	0	
38548	ORBit-0.5.0           	35656	0	0	0	0	776	0	0	0	0	0	0	0	0	0	0	0	1750	366	
200628	Python-1.5.2          	96323	0	0	100935	0	673	0	0	2353	0	0	342	0	2	0	0	0	0	0	
15967	SVGATextMode-1.9-src  	15079	0	0	0	12	294	0	0	0	0	0	0	0	15	0	0	0	340	227	
79997	WindowMaker-0.61.1    	77924	0	0	0	0	1483	0	0	219	0	0	371	0	0	0	0	0	0	0	
18885	X11R6-contrib-3.3.2   	18616	0	0	0	0	11	0	0	0	0	0	0	0	0	0	0	0	97	161	
1291745	XFree86-3.3.6         	1246420	4358	0	0	14913	13433	5	0	0	8362	0	711	393	57	0	0	0	2710	383	
0	XFree86-ISO8859-2-1.0 	0	0	0	0	0	0	0	0	0	0	0	0	0	0	0	0	0	0	0	
26608	Xaw3d-1.3             	26235	0	0	0	0	0	0	0	0	0	0	0	0	0	0	0	0	247	126	
9741	Xconfigurator-4.3.5   	9578	0	0	6	0	32	0	0	0	0	0	125	0	0	0	0	0	0	0	
6976	aboot-0.5             	6680	0	0	0	296	0	0	0	0	0	0	0	0	0	0	0	0	0	0	
5383	acct-6.3.2            	5016	287	0	0	0	80	0	0	0	0	0	0	0	0	0	0	0	0	0	
1653	adjtimex-1.9          	1653	0	0	0	0	0	0	0	0	0	0	0	0	0	0	0	0	0	0	
45589	am-utils-6.0.3        	33389	0	0	0	0	8950	0	0	0	0	0	2421	0	0	0	0	0	375	454	
91213	anaconda-6.2.2        	74303	0	0	13657	0	1583	0	0	0	0	0	128	0	0	0	0	0	810	732	
1143	anacron-2.1           	1143	0	0	0	0	0	0	0	0	0	0	0	0	0	0	0	0	0	0	
77873	apache_1.3.12         	69191	55	0	0	0	6781	0	0	0	0	0	1846	0	0	0	0	0	0	0	
3012	apmd                  	2617	0	0	0	0	395	0	0	0	0	0	0	0	0	0	0	0	0	0	
9666	ash-linux-0.2         	9445	0	0	0	0	221	0	0	0	0	0	0	0	0	0	0	0	0	0	
3084	at-3.1.7              	1442	0	0	0	0	1196	0	0	0	0	0	0	0	0	0	0	0	362	84	
441	audioctl              	441	0	0	0	0	0	0	0	0	0	0	0	0	0	0	0	0	0	0	
12593	audiofile-0.1.9       	6153	0	0	0	0	6440	0	0	0	0	0	0	0	0	0	0	0	0	0	
4367	aumix-1.30.1          	4095	0	0	0	0	179	0	0	0	0	0	0	0	93	0	0	0	0	0	
1182	auth_ldap-1.4.0       	1182	0	0	0	0	0	0	0	0	0	0	0	0	0	0	0	0	0	0	
1075	authconfig-3.0.3      	1075	0	0	0	0	0	0	0	0	0	0	0	0	0	0	0	0	0	0	
2758	autoconf-2.13         	82	0	0	0	0	2226	0	0	0	0	167	283	0	0	0	0	0	0	0	
3625	autofs-3.1.4          	2862	0	0	0	0	763	0	0	0	0	0	0	0	0	0	0	0	0	0	
14363	automake-1.4          	404	0	0	0	0	3337	0	0	0	0	0	10622	0	0	0	0	0	0	0	
2705	autorun-2.61          	0	720	0	0	0	1985	0	0	0	0	0	0	0	0	0	0	0	0	0	
6234	awesfx-0.4.3a         	6234	0	0	0	0	0	0	0	0	0	0	0	0	0	0	0	0	0	0	
47067	bash-1.14.7           	41654	0	0	0	48	3140	0	0	0	0	0	0	28	0	0	0	0	2197	0	
68560	bash-2.03             	56758	0	0	0	0	7264	0	0	0	0	0	1730	0	0	0	0	0	2808	0	
17682	bc-1.05               	9186	0	0	0	0	7236	0	0	0	0	0	0	0	0	0	0	0	967	293	
261	bdflush-1.5           	202	0	0	0	59	0	0	0	0	0	0	0	0	0	0	0	0	0	0	
290	biff+comsat-0.16      	290	0	0	0	0	0	0	0	0	0	0	0	0	0	0	0	0	0	0	
155035	bind-8.2.2_P5         	131946	1360	0	0	0	10068	848	0	0	0	0	7607	753	0	0	0	0	2231	222	
467120	binutils-2.9.5.0.22   	407352	4454	0	0	27575	7398	0	0	394	0	12265	16	24	557	0	0	0	5606	1479	
9699	bison-1.28            	9650	0	0	0	0	49	0	0	0	0	0	0	0	0	0	0	0	0	0	
68997	blt2.4g               	58630	0	0	0	0	152	0	0	0	10215	0	0	0	0	0	0	0	0	0	
1272	bsd-finger-0.16       	1272	0	0	0	0	0	0	0	0	0	0	0	0	0	0	0	0	0	0	
2486	bug-buddy-0.7         	2486	0	0	0	0	0	0	0	0	0	0	0	0	0	0	0	0	0	0	
6550	byacc-1.9             	5520	0	0	0	0	0	0	0	0	0	0	0	0	0	0	0	0	1030	0	
4996	bzip2-0.9.5d          	4996	0	0	0	0	0	0	0	0	0	0	0	0	0	0	0	0	0	0	
0	caching-nameserver-6.2	0	0	0	0	0	0	0	0	0	0	0	0	0	0	0	0	0	0	0	
1842	cdecl-2.5             	1002	0	0	0	0	0	0	0	0	0	0	0	0	0	0	0	0	765	75	
2661	cdp-0.33              	2661	0	0	0	0	0	0	0	0	0	0	0	0	0	0	0	0	0	0	
7227	cdparanoia-III-alpha9.6	6006	0	0	0	0	1221	0	0	0	0	0	0	0	0	0	0	0	0	0	
50970	cdrecord-1.8          	48595	0	0	0	0	2177	0	0	0	0	0	194	0	4	0	0	0	0	0	
717	chkconfig-1.1.2       	717	0	0	0	0	0	0	0	0	0	0	0	0	0	0	0	0	0	0	
343	chkfontpath-1.7       	343	0	0	0	0	0	0	0	0	0	0	0	0	0	0	0	0	0	0	
1984	cleanfeed-0.95.7b     	0	0	0	0	0	0	0	0	0	0	0	1984	0	0	0	0	0	0	0	
15522	console-tools-0.3.3   	13335	0	0	0	0	800	0	0	0	0	0	110	0	0	0	0	0	986	291	
16785	control-center-1.0.51 	16659	0	0	0	0	126	0	0	0	0	0	0	0	0	0	0	0	0	0	
404	control-panel-3.13    	319	0	0	0	0	0	0	0	0	85	0	0	0	0	0	0	0	0	0	
7617	cpio-2.4.2            	7598	0	0	0	0	19	0	0	0	0	0	0	0	0	0	0	0	0	0	
9607	cproto-4.6            	7600	0	0	0	0	261	0	0	0	0	0	0	0	0	0	0	0	761	985	
1987	cracklib,2.7          	1919	0	0	0	0	22	0	0	0	0	0	46	0	0	0	0	0	0	0	
9263	ctags-3.4             	9240	0	0	0	0	23	0	0	0	0	0	0	0	0	0	0	0	0	0	
88128	cvs-1.10.7            	68303	0	0	0	0	17909	181	0	7	0	0	902	0	0	0	0	0	826	0	
1290	cxhextris             	1290	0	0	0	0	0	0	0	0	0	0	0	0	0	0	0	0	0	0	
0	desktop-backgrounds-1.1	0	0	0	0	0	0	0	0	0	0	0	0	0	0	0	0	0	0	0	
0	dev-2.7.18            	0	0	0	0	0	0	0	0	0	0	0	0	0	0	0	0	0	0	0	
16266	dhcp-2.0              	15328	0	0	0	0	938	0	0	0	0	0	0	0	0	0	0	0	0	0	
3051	dhcpcd-1.3.18-pl3     	2771	0	0	0	0	280	0	0	0	0	0	0	0	0	0	0	0	0	0	
3433	dialog-0.6            	2834	0	0	0	0	250	0	0	0	0	0	349	0	0	0	0	0	0	0	
616	diffstat-1.27         	616	0	0	0	0	0	0	0	0	0	0	0	0	0	0	0	0	0	0	
10914	diffutils-2.7         	10914	0	0	0	0	0	0	0	0	0	0	0	0	0	0	0	0	0	0	
8303	dip-3.3.7o            	8207	0	0	0	0	96	0	0	0	0	0	0	0	0	0	0	0	0	0	
0	docbook-3.1           	0	0	0	0	0	0	0	0	0	0	0	0	0	0	0	0	0	0	0	
3675	dosfstools-2.2        	3675	0	0	0	0	0	0	0	0	0	0	0	0	0	0	0	0	0	0	
10187	dump-0.4b15           	9422	0	0	0	0	760	0	0	0	0	0	0	0	5	0	0	0	0	0	
28169	e2fsprogs-1.18        	27250	0	0	0	0	339	0	0	0	0	0	22	437	121	0	0	0	0	0	
7427	ed-0.2                	7263	0	0	0	0	164	0	0	0	0	0	0	0	0	0	0	0	0	0	
7030	ee-0.3.11             	7007	0	0	0	0	23	0	0	0	0	0	0	0	0	0	0	0	0	0	
5526	efax-0.9              	4570	0	0	0	0	956	0	0	0	0	0	0	0	0	0	0	0	0	0	
720112	egcs-1.1.2            	598682	75206	482	0	11462	14307	0	0	7252	0	2887	18	0	313	0	1515	0	7988	0	
657	eject-2.0.2           	657	0	0	0	0	0	0	0	0	0	0	0	0	0	0	0	0	0	0	
480	elftoaout-2.2         	480	0	0	0	0	0	0	0	0	0	0	0	0	0	0	0	0	0	0	
42746	elm2.5.3              	32931	0	0	0	0	9774	0	0	0	0	0	0	41	0	0	0	0	0	0	
625073	emacs-20.5            	169624	0	0	0	253	652	9	0	453647	0	0	884	0	4	0	0	0	0	0	
51592	enlightenment-0.15.5  	51569	0	0	0	0	23	0	0	0	0	0	0	0	0	0	0	0	0	0	
11721	enlightenment-conf-0.15	6232	0	0	0	0	5489	0	0	0	0	0	0	0	0	0	0	0	0	0	
23666	enscript-1.6.1        	22365	0	0	0	0	291	0	0	109	0	0	308	0	0	0	0	0	164	429	
7615	esound-0.2.17         	7387	0	0	0	0	142	86	0	0	0	0	0	0	0	0	0	0	0	0	
332	ethtool-1.0           	332	0	0	0	0	0	0	0	0	0	0	0	0	0	0	0	0	0	0	
36243	exmh-2.1.1            	0	0	0	0	0	49	0	0	0	35844	34	316	0	0	0	0	0	0	0	
3415	ext2ed-0.1            	3415	0	0	0	0	0	0	0	0	0	0	0	0	0	0	0	0	0	0	
78787	extace-1.2.15         	66571	0	0	0	0	9322	0	0	0	0	0	2894	0	0	0	0	0	0	0	
1765	fbset-2.1             	1401	0	0	0	0	0	0	0	0	0	0	113	0	0	0	0	0	130	121	
17271	fetchmail-5.3.1       	13441	0	0	1490	0	1246	0	0	0	0	0	321	124	0	0	0	0	411	238	
2647	file-3.28             	2601	0	0	0	0	0	0	0	0	0	0	46	0	0	0	0	0	0	0	
34768	fileutils-4.0p        	31324	0	0	0	0	2042	0	0	0	0	0	561	0	0	0	0	0	841	0	
11404	findutils-4.1         	11160	0	0	0	0	173	0	0	0	0	71	0	0	0	0	0	0	0	0	
14774	flex-2.5.4            	13011	0	0	0	0	29	0	0	0	0	0	0	72	12	0	0	0	605	1045	
2455	fnlib-0.4             	2432	0	0	0	0	23	0	0	0	0	0	0	0	0	0	0	0	0	0	
1604	fortune-mod-9708      	1604	0	0	0	0	0	0	0	0	0	0	0	0	0	0	0	0	0	0	
51813	freetype-1.3.1        	48929	351	0	0	0	2467	53	0	0	0	0	13	0	0	0	0	0	0	0	
69265	fvwm-2.2.4            	63496	2463	0	0	0	723	0	0	0	0	0	1835	0	0	0	0	0	596	152	
107	fwhois-1.00           	107	0	0	0	0	0	0	0	0	0	0	0	0	0	0	0	0	0	0	
138024	gated-3-5-11          	126846	0	0	0	0	1554	235	0	12	0	0	0	666	35	0	0	0	7799	877	
26363	gawk-3.0.4            	19871	0	0	0	0	1927	0	0	0	0	0	0	2519	0	0	0	0	2046	0	
20078	gd1.3                 	19946	0	0	0	0	0	0	0	0	0	0	132	0	0	0	0	0	0	0	
652087	gdb-19991004          	587542	6735	0	0	4139	9630	0	0	1820	0	37737	0	142	220	0	5	0	4117	0	
3315	gdbm-1.8.0            	3290	25	0	0	0	0	0	0	0	0	0	0	0	0	0	0	0	0	0	
5744	gdm-2.0beta2          	5632	0	0	0	0	112	0	0	0	0	0	0	0	0	0	0	0	0	0	
8356	gedit-0.6.1           	8225	0	0	0	0	131	0	0	0	0	0	0	0	0	0	0	0	0	0	
549	genromfs-0.3          	549	0	0	0	0	0	0	0	0	0	0	0	0	0	0	0	0	0	0	
17750	gettext-0.10.35       	13414	0	0	0	0	1983	0	0	2030	0	0	53	0	9	0	0	0	261	0	
2631	getty_ps-2.0.7j       	2631	0	0	0	0	0	0	0	0	0	0	0	0	0	0	0	0	0	0	
9138	gftp-2.0.6a           	9138	0	0	0	0	0	0	0	0	0	0	0	0	0	0	0	0	0	0	
0	ghostscript-fonts-5.50	0	0	0	0	0	0	0	0	0	0	0	0	0	0	0	0	0	0	0	
770	giftrans-1.12.2       	770	0	0	0	0	0	0	0	0	0	0	0	0	0	0	0	0	0	0	
235702	gimp-1.0.4            	225211	0	0	0	0	1994	0	0	8497	0	0	0	0	0	0	0	0	0	0	
0	gimp-data-extras-1.0.0	0	0	0	0	0	0	0	0	0	0	0	0	0	0	0	0	0	0	0	
18151	git-4.3.19            	16166	0	0	0	0	1985	0	0	0	0	0	0	0	0	0	0	0	0	0	
2835	gkermit-1.0           	2835	0	0	0	0	0	0	0	0	0	0	0	0	0	0	0	0	0	0	
54603	glade-0.5.5           	49545	0	0	0	0	5058	0	0	0	0	0	0	0	0	0	0	0	0	0	
18835	glib-1.2.6            	18702	0	0	0	0	133	0	0	0	0	0	0	0	0	0	0	0	0	0	
415026	glibc-2.1.3           	378753	1704	0	0	30644	2520	15	0	0	0	0	464	910	16	0	0	0	0	0	
24583	gmp-2.0.2             	17888	0	0	0	5252	1443	0	0	0	0	0	0	0	0	0	0	0	0	0	
0	gnome-audio-1.0.0     	0	0	0	0	0	0	0	0	0	0	0	0	0	0	0	0	0	0	0	
72425	gnome-core-1.0.55     	72230	0	0	0	0	54	0	0	0	0	0	141	0	0	0	0	0	0	0	
41205	gnome-games-1.0.51    	31191	3048	0	0	0	0	0	0	6966	0	0	0	0	0	0	0	0	0	0	
2531	gnome-kerberos-0.2    	2531	0	0	0	0	0	0	0	0	0	0	0	0	0	0	0	0	0	0	
128672	gnome-libs-1.0.55     	125373	0	0	0	0	2178	0	0	177	0	0	667	277	0	0	0	0	0	0	
2163	gnome-linuxconf-0.25  	2163	0	0	0	0	0	0	0	0	0	0	0	0	0	0	0	0	0	0	
6827	gnome-media-1.0.51    	6827	0	0	0	0	0	0	0	0	0	0	0	0	0	0	0	0	0	0	
12463	gnome-objc-1.0.2      	12	0	12365	0	0	86	0	0	0	0	0	0	0	0	0	0	0	0	0	
30438	gnome-pim-1.0.55      	28665	0	0	0	0	0	0	0	0	0	0	0	0	0	0	0	0	1773	0	
24270	gnome-python-1.0.51   	9791	0	0	14331	0	148	0	0	0	0	0	0	0	0	0	0	0	0	0	
19500	gnome-utils-1.0.50    	18099	0	0	0	0	0	0	0	577	0	0	0	0	0	0	0	0	824	0	
10404	gnorpm-0.9            	10404	0	0	0	0	0	0	0	0	0	0	0	0	0	0	0	0	0	0	
15143	gnotepad+-1.1.4       	15143	0	0	0	0	0	0	0	0	0	0	0	0	0	0	0	0	0	0	
14871	gnuchess-4.0.pl80     	14584	0	0	0	0	258	29	0	0	0	0	0	0	0	0	0	0	0	0	
116615	gnumeric-0.48         	115592	0	0	23	0	142	0	0	191	0	0	67	0	0	0	0	0	600	0	
54935	gnupg-1.0.1           	48884	0	0	0	4586	1465	0	0	0	0	0	0	0	0	0	0	0	0	0	
45378	gnuplot-3.7.1         	43276	0	387	0	539	80	297	0	661	0	0	138	0	0	0	0	0	0	0	
4430	gperf-2.7             	695	2947	0	0	0	43	0	0	0	0	745	0	0	0	0	0	0	0	0	
4542	gpgp-0.4              	4441	0	0	0	0	101	0	0	0	0	0	0	0	0	0	0	0	0	0	
9725	gpm-1.18.1            	8107	0	0	0	0	209	0	0	221	0	0	0	74	6	0	0	0	1108	0	
10271	gqview-0.7.0          	10271	0	0	0	0	0	0	0	0	0	0	0	0	0	0	0	0	0	0	
10013	grep-2.4              	9852	0	0	0	0	103	0	0	0	0	0	0	49	9	0	0	0	0	0	
70260	groff-1.15            	5276	59453	0	0	1866	265	0	0	0	0	0	397	0	46	0	0	0	2957	0	
199982	gs5.50                	195491	2266	0	0	968	751	0	0	405	0	0	101	0	0	0	0	0	0	0	
138118	gtk+-1.2.6            	137006	0	0	0	0	352	0	0	7	0	0	479	274	0	0	0	0	0	0	
35397	gtk-engines-0.10      	20636	0	0	0	0	14761	0	0	0	0	0	0	0	0	0	0	0	0	0	
8491	gtop-1.0.5            	8151	340	0	0	0	0	0	0	0	0	0	0	0	0	0	0	0	0	0	
45485	guile-1.3             	38823	0	0	0	1514	310	50	0	4626	0	0	0	162	0	0	0	0	0	0	
25915	gv-3.5.8              	25821	0	0	0	0	94	0	0	0	0	0	0	0	0	0	0	0	0	0	
6306	gzip-1.2.4a           	5813	0	0	0	458	24	0	0	0	0	0	11	0	0	0	0	0	0	0	
1229	hdparm-3.6            	1229	0	0	0	0	0	0	0	0	0	0	0	0	0	0	0	0	0	0	
221	hellas                	0	0	0	0	0	179	0	0	0	0	0	42	0	0	0	0	0	0	0	
491	helptool-2.4          	0	0	0	0	0	0	0	0	0	203	0	288	0	0	0	0	0	0	0	
20125	ical-2.2              	27	12651	0	0	0	624	0	0	0	6763	0	60	0	0	0	0	0	0	0	
61688	imap-4.7              	61628	0	0	0	0	60	0	0	0	0	0	0	0	0	0	0	0	0	0	
49325	imlib-1.9.7           	49260	0	0	0	0	65	0	0	0	0	0	0	0	0	0	0	0	0	0	
5981	indent-2.2.5          	5958	0	0	0	0	23	0	0	0	0	0	0	0	0	0	0	0	0	0	
0	indexhtml-6.2         	0	0	0	0	0	0	0	0	0	0	0	0	0	0	0	0	0	0	0	
3929	initscripts-5.00      	1866	0	0	0	0	2035	28	0	0	0	0	0	0	0	0	0	0	0	0	
81719	inn-2.2.2             	62403	0	0	0	0	5465	0	0	0	3	0	10485	1567	0	0	0	0	1547	249	
0	install-guide-3.2.html	0	0	0	0	0	0	0	0	0	0	0	0	0	0	0	0	0	0	0	
47	intimed-1.10          	47	0	0	0	0	0	0	0	0	0	0	0	0	0	0	0	0	0	0	
3651	ipchains-1.3.9        	2767	0	0	0	0	884	0	0	0	0	0	0	0	0	0	0	0	0	0	
13241	iproute2              	12139	0	0	0	0	1002	0	0	0	0	0	100	0	0	0	0	0	0	0	
6646	iputils               	6646	0	0	0	0	0	0	0	0	0	0	0	0	0	0	0	0	0	0	
255	ipvsadm-1.1           	255	0	0	0	0	0	0	0	0	0	0	0	0	0	0	0	0	0	0	
37515	ircii-4.4             	36647	0	0	0	0	852	0	0	0	0	0	0	0	0	0	0	0	0	16	
6043	irda-utils-0.9.10     	5697	0	0	0	0	263	0	0	0	0	0	83	0	0	0	0	0	0	0	
5960	isapnptools-1.21      	4394	0	0	0	0	60	0	0	0	0	0	123	0	0	0	0	0	1383	0	
5594	isdn-config           	0	3058	0	0	0	2228	0	0	0	0	0	308	0	0	0	0	0	0	0	
87940	isdn4k-utils          	78752	2708	0	0	0	3089	0	0	0	22	0	3369	0	0	0	0	0	0	0	
1941	isicom                	1898	0	0	0	0	43	0	0	0	0	0	0	0	0	0	0	0	0	0	
14912	ispell-3.1            	8380	585	385	0	0	157	221	0	3372	0	0	85	0	15	0	0	0	1712	0	
131372	jade-1.2.1            	8228	120611	0	0	0	2150	0	0	0	0	0	378	0	5	0	0	0	0	0	
0	jadetex               	0	0	0	0	0	0	0	0	0	0	0	0	0	0	0	0	0	0	0	
29315	jed                   	29315	0	0	0	0	0	0	0	0	0	0	0	0	0	0	0	0	0	0	
71810	jikes                 	0	71452	0	0	0	0	0	358	0	0	0	0	0	0	0	0	0	0	0	
19065	joe                   	18841	0	0	0	224	0	0	0	0	0	0	0	0	0	0	0	0	0	0	
6090	joystick-1.2.15       	6086	0	0	0	0	4	0	0	0	0	0	0	0	0	0	0	0	0	0	
12313	jpeg-6a               	12313	0	0	0	0	0	0	0	0	0	0	0	0	0	0	0	0	0	0	
844	jpeg-6b               	0	0	0	0	0	844	0	0	0	0	0	0	0	0	0	0	0	0	0	
133193	kaffe-1.0.5           	62125	3923	0	0	84	814	0	65275	0	0	0	972	0	0	0	0	0	0	0	
368	kbdconfig-1.9.2.4     	368	0	0	0	0	0	0	0	0	0	0	0	0	0	0	0	0	0	0	
24910	kdeadmin              	0	19919	0	0	0	3936	0	0	0	0	0	1055	0	0	0	0	0	0	0	
138931	kdebase               	23016	113971	0	0	0	618	0	0	0	0	0	1326	0	0	0	0	0	0	0	
27860	kdegames              	340	27507	0	0	0	13	0	0	0	0	0	0	0	0	0	0	0	0	0	
68453	kdegraphics           	29347	34208	0	0	0	4898	0	0	0	0	0	0	0	0	0	0	0	0	0	
80343	kdelibs               	3660	71217	0	0	0	35	0	0	0	0	0	5075	0	0	0	0	0	240	116	
48223	kdemultimedia         	24248	22275	0	0	0	621	0	0	0	1004	0	73	2	0	0	0	0	0	0	
93940	kdenetwork            	7422	80075	0	0	0	134	0	0	0	49	0	6260	0	0	0	0	0	0	0	
60429	kdesupport            	42421	17810	0	0	0	173	12	0	0	0	0	0	13	0	0	0	0	0	0	
2810	kdetoys               	192	2618	0	0	0	0	0	0	0	0	0	0	0	0	0	0	0	0	0	
52808	kdeutils              	9693	41365	0	0	0	1434	0	0	0	0	0	0	311	5	0	0	0	0	0	
6072	kdoc                  	0	17	0	0	0	45	0	0	0	0	0	6010	0	0	0	0	0	0	0	
809	kdpms-0.2.8           	0	809	0	0	0	0	0	0	0	0	0	0	0	0	0	0	0	0	0	
347	kernelcfg-0.5         	0	0	0	341	0	6	0	0	0	0	0	0	0	0	0	0	0	0	0	
31994	korganizer            	5884	23402	0	0	0	1	0	0	0	0	0	375	0	0	0	0	0	2271	61	
10958	kpackage-1.3.10       	124	8863	0	0	0	1852	0	0	0	0	0	119	0	0	0	0	0	0	0	
15868	kpilot-3.1b9          	5640	8613	0	0	0	0	0	0	0	0	0	0	0	0	0	0	0	1615	0	
1049	kpppload-1.04         	0	1044	0	0	0	5	0	0	0	0	0	0	0	0	0	0	0	0	0	
99066	krb4-1.0              	84077	3775	0	0	5163	1765	0	0	0	0	0	2508	33	0	0	0	0	1509	236	
222220	krb5-1.1.1            	192822	0	0	348	0	4829	147	0	0	0	19364	1528	393	123	0	0	0	2476	190	
23838	kterm-6.2.0           	23838	0	0	0	0	0	0	0	0	0	0	0	0	0	0	0	0	0	0	
0	kudzu-0.36            	0	0	0	0	0	0	0	0	0	0	0	0	0	0	0	0	0	0	0	
100951	lam-6.3.1             	86177	10569	0	0	0	3677	19	0	0	0	0	322	0	0	0	187	0	0	0	
9731	ld.so-1.9.5           	6960	0	0	0	2401	370	0	0	0	0	0	0	0	0	0	0	0	0	0	
874	ldconfig-1999-02-21   	874	0	0	0	0	0	0	0	0	0	0	0	0	0	0	0	0	0	0	
14039	less-346              	14032	0	0	0	0	0	0	0	0	0	0	0	7	0	0	0	0	0	0	
10267	libPropList-0.9.1     	3982	0	0	0	0	5974	0	0	0	0	0	0	0	0	0	0	0	139	172	
4792	libelf-0.6.4          	3310	0	0	0	0	1482	0	0	0	0	0	0	0	0	0	0	0	0	0	
2645	libghttp-1.0.4        	2645	0	0	0	0	0	0	0	0	0	0	0	0	0	0	0	0	0	0	
7859	libglade-0.11         	5898	0	0	152	0	1809	0	0	0	0	0	0	0	0	0	0	0	0	0	
102674	libgr-2.0.13          	99647	0	0	0	0	2438	589	0	0	0	0	0	0	0	0	0	0	0	0	
14516	libgtop-1.0.6         	13768	0	0	0	31	64	0	0	0	0	0	653	0	0	0	0	0	0	0	
22011	libpng-1.0.5          	22011	0	0	0	0	0	0	0	0	0	0	0	0	0	0	0	0	0	0	
27117	librep-0.10           	19381	0	0	0	0	2351	0	0	5385	0	0	0	0	0	0	0	0	0	0	
5115	libtool-1.3.4         	1741	0	0	0	0	3374	0	0	0	0	0	0	0	0	0	0	0	0	0	
12639	libungif-4.1.0        	12381	0	0	0	0	204	0	0	0	0	0	54	0	0	0	0	0	0	0	
26146	libxml-1.8.6          	26069	0	0	0	0	77	0	0	0	0	0	0	0	0	0	0	0	0	0	
7255	lilo                  	3522	3	0	0	2557	740	0	0	0	0	0	433	0	0	0	0	0	0	0	
1526722	linux                 	1462165	0	0	0	59574	2860	0	0	0	414	0	950	133	72	0	0	0	324	230	
69246	linux-86              	63328	0	0	0	5276	642	0	0	0	0	0	0	0	0	0	0	0	0	0	
104032	linuxconf-1.17r2      	598	93139	0	0	0	2984	0	2741	0	0	0	4570	0	0	0	0	0	0	0	
23	locale-ja-9           	0	0	0	0	0	23	0	0	0	0	0	0	0	0	0	0	0	0	0	
497	locale_config-0.2     	497	0	0	0	0	0	0	0	0	0	0	0	0	0	0	0	0	0	0	
1525	logrotate-3.3.2       	1524	0	0	0	0	1	0	0	0	0	0	0	0	0	0	0	0	0	0	
26673	lout-3.17             	26673	0	0	0	0	0	0	0	0	0	0	0	0	0	0	0	0	0	0	
682	lpg                   	0	0	0	0	0	0	0	0	0	0	0	682	0	0	0	0	0	0	0	
6877	lpr                   	6842	0	0	0	0	35	0	0	0	0	0	0	0	0	0	0	0	0	0	
11790	lrzsz-0.12.20         	9512	0	0	0	0	1263	0	0	0	0	1015	0	0	0	0	0	0	0	0	
6116	lslk                  	5325	0	0	0	0	791	0	0	0	0	0	0	0	0	0	0	0	0	0	
56093	lsof_4.47             	50268	0	0	0	2	4753	0	0	0	0	0	856	214	0	0	0	0	0	0	
3896	ltrace-0.3.10         	2986	0	0	0	0	854	0	0	0	0	0	0	56	0	0	0	0	0	0	
119613	lynx2-8-3             	117385	0	0	0	0	1860	28	0	0	0	0	340	0	0	0	0	0	0	0	
6391	m4-1.4                	5993	0	0	0	0	155	0	0	243	0	0	0	0	0	0	0	0	0	0	
12657	macutils              	12657	0	0	0	0	0	0	0	0	0	0	0	0	0	0	0	0	0	0	
2580	magicdev-0.2.7        	2580	0	0	0	0	0	0	0	0	0	0	0	0	0	0	0	0	0	0	
0	mailcap-2.0.6         	0	0	0	0	0	0	0	0	0	0	0	0	0	0	0	0	0	0	0	
6968	mailx-8.1.1           	6963	0	0	0	0	5	0	0	0	0	0	0	0	0	0	0	0	0	0	
22279	make-3.78.1           	19287	0	0	0	0	2029	0	0	0	0	0	963	0	0	0	0	0	0	0	
4780	make-3.78.1_pvm-0.5   	4780	0	0	0	0	0	0	0	0	0	0	0	0	0	0	0	0	0	0	
9801	man-1.5h1             	7377	0	0	0	0	1802	0	0	0	0	0	317	305	0	0	0	0	0	0	
245	man-pages-1.28        	0	0	0	0	0	244	0	0	0	0	0	0	0	1	0	0	0	0	0	
24387	mars_nwe              	24158	0	0	0	0	229	0	0	0	0	0	0	0	0	0	0	0	0	0	
14427	mawk-1.2.2            	12714	0	0	0	0	90	0	0	0	0	0	0	629	0	0	0	0	994	0	
116951	mc-4.5.42             	114406	0	0	0	0	1996	56	0	0	0	0	345	148	0	0	0	0	0	0	
2270	memprof-0.3.0         	2270	0	0	0	0	0	0	0	0	0	0	0	0	0	0	0	0	0	0	
44323	mgetty-1.1.21         	33757	0	0	0	0	3638	0	0	283	756	0	5889	0	0	0	0	0	0	0	
27040	mikmod-3.1.6          	26975	0	0	0	0	55	0	0	0	0	0	0	10	0	0	0	0	0	0	
343	mingetty-0.9.4        	343	0	0	0	0	0	0	0	0	0	0	0	0	0	0	0	0	0	0	
12633	minicom-1.83.0        	12503	0	0	0	0	130	0	0	0	0	0	0	0	0	0	0	0	0	0	
537	minlabel-1.2          	537	0	0	0	0	0	0	0	0	0	0	0	0	0	0	0	0	0	0	
314	mkbootdisk-1.2.5      	0	0	0	0	0	314	0	0	0	0	0	0	0	0	0	0	0	0	0	
288	mkinitrd-2.4.1        	0	0	0	0	0	288	0	0	0	0	0	0	0	0	0	0	0	0	0	
8939	mkisofs-1.12b5        	8939	0	0	0	0	0	0	0	0	0	0	0	0	0	0	0	0	0	0	
222	mkkickstart-2.1       	0	0	0	0	0	222	0	0	0	0	0	0	0	0	0	0	0	0	0	
85	mktemp-1.5            	85	0	0	0	0	0	0	0	0	0	0	0	0	0	0	0	0	0	0	
15087	mm2.7                 	8044	0	0	0	0	119	6924	0	0	0	0	0	0	0	0	0	0	0	0	
15638	mod_perl-1.21         	5124	0	0	0	0	236	0	0	0	0	0	10278	0	0	0	0	0	0	0	
82	modemtool-1.21        	0	0	0	73	0	9	0	0	0	0	0	0	0	0	0	0	0	0	0	
11775	modutils-2.3.9        	9309	0	0	0	0	1620	0	0	0	0	0	0	0	0	0	0	0	362	484	
830	mouseconfig-4.4       	830	0	0	0	0	0	0	0	0	0	0	0	0	0	0	0	0	0	0	
2773	mpage-2.4             	2704	0	0	0	0	69	0	0	0	0	0	0	0	0	0	0	0	0	0	
15819	mpg123-0.59r          	14900	0	0	0	919	0	0	0	0	0	0	0	0	0	0	0	0	0	0	
1361	mt-st-0.5b            	1361	0	0	0	0	0	0	0	0	0	0	0	0	0	0	0	0	0	0	
17765	mtools-3.9.6          	16155	0	0	0	0	1602	0	0	0	0	0	0	0	8	0	0	0	0	0	
14587	multimedia            	14577	0	0	0	0	10	0	0	0	0	0	0	0	0	0	0	0	0	0	
45811	mutt-1.0.1            	45574	0	0	0	0	237	0	0	0	0	0	0	0	0	0	0	0	0	0	
1088	nag                   	0	0	0	0	0	0	0	0	0	0	0	1088	0	0	0	0	0	0	0	
2407	nc                    	1670	0	0	0	0	737	0	0	0	0	0	0	0	0	0	0	0	0	0	
31174	ncftp-3.0beta21       	30347	595	0	0	0	232	0	0	0	0	0	0	0	0	0	0	0	0	0	
1435	ncompress-4.2.4       	1435	0	0	0	0	0	0	0	0	0	0	0	0	0	0	0	0	0	0	
28897	ncpfs-2.2.0.17        	28689	0	0	0	0	182	0	0	0	26	0	0	0	0	0	0	0	0	0	
61324	ncurses-5.0           	45856	3720	0	0	0	2822	0	0	0	0	0	103	506	100	8217	0	0	0	0	
11633	net-tools-1.54        	11531	0	0	0	0	102	0	0	0	0	0	0	0	0	0	0	0	0	0	
1634	netcfg-2.25           	0	0	0	1632	0	2	0	0	0	0	0	0	0	0	0	0	0	0	0	
2883	netkit-base-0.16      	2883	0	0	0	0	0	0	0	0	0	0	0	0	0	0	0	0	0	0	
506	netkit-bootparamd-0.16	506	0	0	0	0	0	0	0	0	0	0	0	0	0	0	0	0	0	0	
5111	netkit-ftp-0.16       	5111	0	0	0	0	0	0	0	0	0	0	0	0	0	0	0	0	0	0	
2048	netkit-ntalk-0.16     	2048	0	0	0	0	0	0	0	0	0	0	0	0	0	0	0	0	0	0	
2423	netkit-routed-0.16    	2423	0	0	0	0	0	0	0	0	0	0	0	0	0	0	0	0	0	0	
3588	netkit-rsh-0.16       	3588	0	0	0	0	0	0	0	0	0	0	0	0	0	0	0	0	0	0	
1857	netkit-rusers-0.16    	1857	0	0	0	0	0	0	0	0	0	0	0	0	0	0	0	0	0	0	
294	netkit-rwall-0.16     	294	0	0	0	0	0	0	0	0	0	0	0	0	0	0	0	0	0	0	
967	netkit-rwho-0.16      	967	0	0	0	0	0	0	0	0	0	0	0	0	0	0	0	0	0	0	
21010	netkit-telnet-0.16    	14796	6214	0	0	0	0	0	0	0	0	0	0	0	0	0	0	0	0	0	
1531	netkit-tftp-0.16      	1531	0	0	0	0	0	0	0	0	0	0	0	0	0	0	0	0	0	0	
3962	netkit-timed-0.16     	3962	0	0	0	0	0	0	0	0	0	0	0	0	0	0	0	0	0	0	
592	netscape-4.72         	0	0	0	0	0	592	0	0	0	0	0	0	0	0	0	0	0	0	0	
7041	newt-0.50.8           	6526	0	0	515	0	0	0	0	0	0	0	0	0	0	0	0	0	0	0	
14299	nfs-utils-0.1.6       	14107	0	0	0	0	165	0	0	0	0	0	27	0	0	0	0	0	0	0	
52574	nmh-1.0.3             	50698	0	0	0	0	1785	0	0	0	0	0	0	74	17	0	0	0	0	0	
9873	nss_ldap-105          	9784	0	0	0	0	0	0	0	0	0	0	89	0	0	0	0	0	0	0	
240	open-1.4              	240	0	0	0	0	0	0	0	0	0	0	0	0	0	0	0	0	0	0	
60302	openldap-1.2.9        	58078	0	0	201	0	1393	0	0	0	0	0	630	0	0	0	0	0	0	0	
41388	p2c-1.22              	38788	0	0	0	0	0	0	0	0	0	0	101	0	0	0	0	2499	0	0	
20433	pam-0.72              	18936	0	0	0	0	482	0	0	0	0	0	321	0	0	0	0	0	634	60	
1280	pam_krb5-1            	1280	0	0	0	0	0	0	0	0	0	0	0	0	0	0	0	0	0	0	
1194	passwd-0.64.1         	1194	0	0	0	0	0	0	0	0	0	0	0	0	0	0	0	0	0	0	
6611	patch-2.5             	6561	0	0	0	0	0	0	0	0	0	0	0	0	50	0	0	0	0	0	
3855	pciutils-2.1.5        	3800	0	0	0	0	55	0	0	0	0	0	0	0	0	0	0	0	0	0	
24773	pdksh-5.2.14          	23599	0	0	0	0	189	0	0	0	0	0	945	0	40	0	0	0	0	0	
206237	perl5.005_03          	89366	0	0	0	0	15654	0	0	5584	0	0	94712	0	0	0	0	0	921	0	
3885	phhttpd-0.1.0         	3859	0	0	0	0	26	0	0	0	0	0	0	0	0	0	0	0	0	0	
35136	php-2.0.1             	33991	0	0	0	0	1056	0	0	0	0	0	0	89	0	0	0	0	0	0	
109824	php-3.0.15            	105901	28	0	0	0	1381	0	0	0	0	0	537	90	0	0	0	0	1887	0	
6496	pidentd-3.0.10        	6475	0	0	0	0	21	0	0	0	0	0	0	0	0	0	0	0	0	0	
32277	pilot-link.0.9.3      	26513	1689	0	268	0	0	0	2162	0	14	0	971	0	0	0	0	0	660	0	
127536	pine4.21              	126678	0	0	0	0	766	62	0	0	0	0	30	0	0	0	0	0	0	0	
10088	piranha               	10048	0	0	0	0	40	0	0	0	0	0	0	0	0	0	0	0	0	0	
3219	playmidi-2.4          	3217	0	0	0	0	0	0	0	0	0	0	0	0	2	0	0	0	0	0	
34882	pmake                 	34599	0	0	0	0	184	0	0	0	0	0	0	58	41	0	0	0	0	0	
6025	pnm2ppa               	5708	0	0	0	0	317	0	0	0	0	0	0	0	0	0	0	0	0	0	
1099	popt-1.4              	1039	0	0	0	0	60	0	0	0	0	0	0	0	0	0	0	0	0	0	
897	portmap_4             	897	0	0	0	0	0	0	0	0	0	0	0	0	0	0	0	0	0	0	
247026	postgresql-6.5.3      	207735	746	0	959	70	7399	5	8835	0	7709	0	1206	0	2	0	0	0	10718	1642	
62922	ppp-2.3.11            	61756	0	0	0	0	996	44	0	0	0	82	44	0	0	0	0	0	0	0	
2200	printtool             	0	0	0	0	0	0	0	0	0	2200	0	0	0	0	0	0	0	0	0	
1226	procinfo-17           	1145	0	0	0	0	0	0	0	0	0	0	81	0	0	0	0	0	0	0	
9927	procmail-3.14         	8090	0	0	0	0	1837	0	0	0	0	0	0	0	0	0	0	0	0	0	
9961	procps-2.0.6          	9959	0	0	0	0	2	0	0	0	0	0	0	0	0	0	0	0	0	0	
1146	prtconf-1.3           	1146	0	0	0	0	0	0	0	0	0	0	0	0	0	0	0	0	0	0	
8572	psgml-1.2.1           	0	0	0	0	0	0	0	0	8572	0	0	0	0	0	0	0	0	0	0	
1630	psmisc                	1624	0	0	0	0	6	0	0	0	0	0	0	0	0	0	0	0	0	0	
1856	pump-0.7.8            	1856	0	0	0	0	0	0	0	0	0	0	0	0	0	0	0	0	0	0	
9551	pwdb-0.61             	9488	0	0	0	0	63	0	0	0	0	0	0	0	0	0	0	0	0	0	
8766	pxe-linux             	3622	4463	0	0	681	0	0	0	0	0	0	0	0	0	0	0	0	0	0	
2597	pythonlib-1.23        	0	0	0	2597	0	0	0	0	0	0	0	0	0	0	0	0	0	0	0	
205082	qt-2.1.0-beta1        	20513	180866	0	0	0	538	0	0	0	0	0	417	0	0	0	0	0	2284	464	
159	quickstrip-1.1        	159	0	0	0	0	0	0	0	0	0	0	0	0	0	0	0	0	0	0	
3804	quota-2.00-pre3       	3795	0	0	0	0	9	0	0	0	0	0	0	0	0	0	0	0	0	0	
2424	raidtools-0.90        	2418	0	0	0	0	6	0	0	0	0	0	0	0	0	0	0	0	0	0	
14269	rcs-5.7               	12209	0	0	0	0	2060	0	0	0	0	0	0	0	0	0	0	0	0	0	
132	rdate-1.0             	132	0	0	0	0	0	0	0	0	0	0	0	0	0	0	0	0	0	0	
9465	rdist-6.1.5           	8306	0	0	0	0	553	0	0	0	0	0	117	0	0	0	0	0	489	0	
14941	readline-2.2.1        	11375	0	0	0	0	1890	0	0	0	0	0	1676	0	0	0	0	0	0	0	
0	redhat-logos          	0	0	0	0	0	0	0	0	0	0	0	0	0	0	0	0	0	0	0	
4024	rep-gtk-0.8           	2905	0	0	0	0	148	0	0	971	0	0	0	0	0	0	0	0	0	0	
213	rhmask                	213	0	0	0	0	0	0	0	0	0	0	0	0	0	0	0	0	0	0	
445	rhs-printfilters-1.63 	2	0	0	0	0	443	0	0	0	0	0	0	0	0	0	0	0	0	0	
0	rootfiles             	0	0	0	0	0	0	0	0	0	0	0	0	0	0	0	0	0	0	0	
13504	rp3-1.0.7             	2957	10416	0	0	0	131	0	0	0	0	0	0	0	0	0	0	0	0	0	
39861	rpm-3.0.4             	36994	0	0	7	0	1505	0	0	0	0	0	1355	0	0	0	0	0	0	0	
15456	rpm2html-1.2          	15334	0	0	0	0	0	0	0	0	0	0	122	0	0	0	0	0	0	0	
6021	rpmfind-1.4           	6021	0	0	0	0	0	0	0	0	0	0	0	0	0	0	0	0	0	0	
816	rpmlint-0.8           	0	0	0	813	0	3	0	0	0	0	0	0	0	0	0	0	0	0	0	
14350	rsync-2.4.1           	13986	0	0	0	0	126	0	0	0	0	0	179	59	0	0	0	0	0	0	
13779	rxvt-2.6.1            	13779	0	0	0	0	0	0	0	0	0	0	0	0	0	0	0	0	0	0	
255	sag-0.6-html          	0	0	0	0	0	0	0	0	0	0	0	255	0	0	0	0	0	0	0	
92964	samba-2.0.6           	88308	0	0	0	0	3557	110	0	0	0	0	831	158	0	0	0	0	0	0	
6172	sash-3.4              	6172	0	0	0	0	0	0	0	0	0	0	0	0	0	0	0	0	0	0	
22373	sawmill-0.24          	11038	0	0	0	0	3163	0	0	8172	0	0	0	0	0	0	0	0	0	0	
30122	scheme-3.2            	10515	0	0	0	0	124	0	0	19483	0	0	0	0	0	0	0	0	0	0	
29730	screen-3.9.5          	28156	0	0	0	0	1574	0	0	0	0	0	0	0	0	0	0	0	0	0	
7740	sed-3.02              	7301	0	0	0	0	80	0	0	0	0	0	0	0	359	0	0	0	0	0	
42880	sendmail-8.9.3        	40364	0	0	0	0	779	0	0	0	0	0	1737	0	0	0	0	0	0	0	
742	setserial-2.15        	742	0	0	0	0	0	0	0	0	0	0	0	0	0	0	0	0	0	0	
67	setup-1.2             	67	0	0	0	0	0	0	0	0	0	0	0	0	0	0	0	0	0	0	
0	setup-2.1.8           	0	0	0	0	0	0	0	0	0	0	0	0	0	0	0	0	0	0	0	
0	sgml-common-0.1       	0	0	0	0	0	0	0	0	0	0	0	0	0	0	0	0	0	0	0	
62137	sgml-tools-1.0.9      	19185	38543	0	0	0	532	0	0	309	0	0	2866	142	0	0	0	0	0	560	
17939	sh-utils-2.0          	13366	0	0	0	0	3027	0	0	0	0	0	675	0	0	0	0	0	871	0	
25236	shadow-19990827       	23464	0	0	0	0	883	0	0	0	0	0	33	0	0	0	0	0	856	0	
56	shaper                	56	0	0	0	0	0	0	0	0	0	0	0	0	0	0	0	0	0	0	
7570	sharutils-4.2.1       	5511	0	0	0	0	318	0	0	0	0	0	1741	0	0	0	0	0	0	0	
13100	silo-0.9.8            	10485	0	0	0	2615	0	0	0	0	0	0	0	0	0	0	0	0	0	0	
28118	slang                 	28118	0	0	0	0	0	0	0	0	0	0	0	0	0	0	0	0	0	0	
2447	sliplogin-2.1.1       	2256	0	0	0	0	143	0	0	0	0	0	48	0	0	0	0	0	0	0	
1883	slocate-2.1           	1802	0	0	0	0	81	0	0	0	0	0	0	0	0	0	0	0	0	0	
28449	slrn-0.9.6.2          	28438	0	0	0	0	11	0	0	0	0	0	0	0	0	0	0	0	0	0	
2490	sndconfig-0.43        	2490	0	0	0	0	0	0	0	0	0	0	0	0	0	0	0	0	0	0	
0	solemul-1.1           	0	0	0	0	0	0	0	0	0	0	0	0	0	0	0	0	0	0	0	
17259	sox-12.16             	16659	0	0	0	0	600	0	0	0	0	0	0	0	0	0	0	0	0	0	
52	sparc32-1.1           	52	0	0	0	0	0	0	0	0	0	0	0	0	0	0	0	0	0	0	
0	specspo-6.2           	0	0	0	0	0	0	0	0	0	0	0	0	0	0	0	0	0	0	0	
68884	squid-2.3.STABLE1     	66305	0	0	0	0	1570	0	0	0	0	0	1009	0	0	0	0	0	0	0	
280	stat-1.5              	280	0	0	0	0	0	0	0	0	0	0	0	0	0	0	0	0	0	0	
131	statserial-1.1        	121	0	0	0	0	10	0	0	0	0	0	0	0	0	0	0	0	0	0	
33203	strace-4.2            	30891	0	0	0	0	1988	0	0	44	0	0	280	0	0	0	0	0	0	0	
1076	stylesheets-0.13rh    	0	0	0	0	0	188	0	0	0	0	0	888	0	0	0	0	0	0	0	
54431	svgalib-1.4.1         	53725	0	0	0	630	22	0	0	0	0	0	54	0	0	0	0	0	0	0	
953	switchdesk-2.1        	314	233	0	0	0	119	0	0	0	0	0	287	0	0	0	0	0	0	0	
302	symlinks-1.2          	302	0	0	0	0	0	0	0	0	0	0	0	0	0	0	0	0	0	0	
4038	sysklogd-1.3-31       	3741	0	0	0	0	139	0	0	0	0	0	158	0	0	0	0	0	0	0	
265	sysreport-1.0         	0	0	0	0	0	265	0	0	0	0	0	0	0	0	0	0	0	0	0	
6033	sysvinit-2.78         	5256	0	0	0	0	777	0	0	0	0	0	0	0	0	0	0	0	0	0	
15851	taper-6.9a            	15851	0	0	0	0	0	0	0	0	0	0	0	0	0	0	0	0	0	0	
14255	tar-1.13.17           	13014	0	0	0	0	538	0	0	592	0	0	111	0	0	0	0	0	0	0	
327021	tcltk-8.0.5           	240093	0	0	0	0	8531	0	0	0	71947	5150	265	273	0	0	0	0	762	0	
3654	tcp_wrappers_7.6      	3654	0	0	0	0	0	0	0	0	0	0	0	0	0	0	0	0	0	0	
30061	tcpdump-3.4           	29208	0	0	0	0	211	16	0	0	0	0	0	184	0	0	0	0	236	206	
46312	tcsh-6.09.00          	43544	0	0	0	0	921	585	0	669	0	0	593	0	0	0	0	0	0	0	
193916	teTeX-1.0             	166041	9407	0	0	139	10263	47	0	29	0	0	3795	522	297	0	0	1546	1507	323	
797	termcap-2.0.8         	797	0	0	0	0	0	0	0	0	0	0	0	0	0	0	0	0	0	0	
28186	texinfo-4.0           	26404	0	0	0	0	841	0	0	213	0	0	256	451	21	0	0	0	0	0	
36338	textutils-2.0a        	18949	0	0	0	0	16111	0	0	0	0	0	1218	0	60	0	0	0	0	0	
37360	tiff-v3.5.4           	32734	572	0	0	0	4054	0	0	0	0	0	0	0	0	0	0	0	0	0	
1452	time-1.7              	1395	0	0	0	0	57	0	0	0	0	0	0	0	0	0	0	0	0	0	
346	timeconfig-3.0.3      	318	0	0	0	0	28	0	0	0	0	0	0	0	0	0	0	0	0	0	
367	timetool-2.7.3        	0	0	0	0	0	0	0	0	0	367	0	0	0	0	0	0	0	0	0	
49370	tin-1.4.2             	47763	0	0	0	0	908	0	0	0	0	0	0	0	0	0	0	0	699	0	
548	tksysv-1.1            	0	0	0	0	0	22	0	0	0	526	0	0	0	0	0	0	0	0	0	
463	tmpwatch-2.2          	311	0	0	0	0	152	0	0	0	0	0	0	0	0	0	0	0	0	0	
7	trXFree86-2.1.2       	0	0	0	0	0	0	0	0	0	7	0	0	0	0	0	0	0	0	0	
1473	traceroute-1.4a5      	1436	0	0	0	0	0	0	0	0	0	0	0	37	0	0	0	0	0	0	
15691	transfig.3.2.1        	15643	0	0	0	0	38	10	0	0	0	0	0	0	0	0	0	0	0	0	
728	tree-1.2              	728	0	0	0	0	0	0	0	0	0	0	0	0	0	0	0	0	0	0	
32767	trn-3.6               	25264	0	0	0	0	6843	0	0	0	0	0	0	0	0	0	0	0	660	0	
1013	trojka                	1013	0	0	0	0	0	0	0	0	0	0	0	0	0	0	0	0	0	0	
72726	ucd-snmp-4.1.1        	64411	0	0	0	0	2757	0	0	0	0	0	5558	0	0	0	0	0	0	0	
2141	unarj-2.43            	2141	0	0	0	0	0	0	0	0	0	0	0	0	0	0	0	0	0	0	
2065	units-1.55            	1963	0	0	0	0	0	0	0	0	0	0	102	0	0	0	0	0	0	0	
46159	unzip-5.40            	40977	3778	0	0	1271	133	0	0	0	0	0	0	0	0	0	0	0	0	0	
2324	up2date-1.13          	0	0	0	2324	0	0	0	0	0	0	0	0	0	0	0	0	0	0	0	
1621	urlview-0.7           	1515	0	0	0	0	106	0	0	0	0	0	0	0	0	0	0	0	0	0	
0	urw-fonts-2.0         	0	0	0	0	0	0	0	0	0	0	0	0	0	0	0	0	0	0	0	
2459	usermode-1.20         	2459	0	0	0	0	0	0	0	0	0	0	0	0	0	0	0	0	0	0	
585	usernet-1.0.9         	585	0	0	0	0	0	0	0	0	0	0	0	0	0	0	0	0	0	0	
0	users-guide-1.0.72    	0	0	0	0	0	0	0	0	0	0	0	0	0	0	0	0	0	0	0	
222	utempter-0.5.2        	222	0	0	0	0	0	0	0	0	0	0	0	0	0	0	0	0	0	0	
39160	util-linux-2.10f      	38627	0	0	0	0	351	62	0	0	0	0	65	0	55	0	0	0	0	0	
55667	uucp-1.06.1           	52078	0	0	0	0	3400	0	0	0	0	0	189	0	0	0	0	0	0	0	
113241	vim-5.6               	111724	0	0	0	0	469	6	0	0	0	0	359	683	0	0	0	0	0	0	
2879	vixie-cron-3.0.1      	2866	0	0	0	0	13	0	0	0	0	0	0	0	0	0	0	0	0	0	
368	vlock-1.3             	368	0	0	0	0	0	0	0	0	0	0	0	0	0	0	0	0	0	0	
73817	w3c-libwww-5.2.8      	64754	3181	0	0	0	4678	0	0	0	0	0	1204	0	0	0	0	0	0	0	
13586	wget-1.5.3            	13509	0	0	0	0	23	0	0	0	0	0	54	0	0	0	0	0	0	0	
2268	which-2.9             	1398	0	0	0	0	870	0	0	0	0	0	0	0	0	0	0	0	0	0	
14105	wmakerconf-2.1        	13620	0	0	0	0	137	0	0	0	0	0	348	0	0	0	0	0	0	0	
1977	wmconfig-0.9.8        	1941	0	0	0	0	36	0	0	0	0	0	0	0	0	0	0	0	0	0	
11	words-2               	0	0	0	0	0	11	0	0	0	0	0	0	0	0	0	0	0	0	0	
19971	wu-ftpd-2.6.0         	17572	0	0	0	0	421	0	0	0	0	0	204	0	0	0	0	0	1774	0	
0	wvdial-1.41           	0	0	0	0	0	0	0	0	0	0	0	0	0	0	0	0	0	0	0	
36239	x11amp-0.9-alpha3     	31686	0	0	0	353	4200	0	0	0	0	0	0	0	0	0	0	0	0	0	
27022	x3270-3.1.1           	26456	0	0	0	0	478	0	0	0	0	88	0	0	0	0	0	0	0	0	
1129	xbill-2.0             	0	1129	0	0	0	0	0	0	0	0	0	0	0	0	0	0	0	0	0	
21593	xboard-4.0.5          	20640	0	0	0	0	41	5	0	0	0	0	0	0	3	0	0	0	0	904	
18020	xboing                	18006	0	0	0	0	14	0	0	0	0	0	0	0	0	0	0	0	0	0	
29091	xchat-1.4.0           	28894	0	0	53	0	23	0	0	0	0	0	121	0	0	0	0	0	0	0	
4895	xcpustate-2.5         	4895	0	0	0	0	0	0	0	0	0	0	0	0	0	0	0	0	0	0	
3860	xdaliclock-2.18       	3837	0	0	0	0	23	0	0	0	0	0	0	0	0	0	0	0	0	0	
57217	xfig.3.2.3-beta-1     	57212	0	0	0	0	0	5	0	0	0	0	0	0	0	0	0	0	0	0	
28261	xfishtank-2.1tp       	28261	0	0	0	0	0	0	0	0	0	0	0	0	0	0	0	0	0	0	
7095	xgammon-0.98          	6506	0	0	0	0	0	0	0	0	0	0	0	0	0	0	0	0	0	589	
2791	xjewel-1.6            	2791	0	0	0	0	0	0	0	0	0	0	0	0	0	0	0	0	0	0	
113272	xlispstat-3-52-17     	91484	0	0	0	0	18	1	0	21769	0	0	0	0	0	0	0	0	0	0	
35812	xloadimage.4.1        	35705	0	0	0	0	107	0	0	0	0	0	0	0	0	0	0	0	0	0	
94637	xlockmore-4.15        	89816	1987	0	0	0	859	0	285	0	1541	0	149	0	0	0	0	0	0	0	
987	xmailbox-2.5          	987	0	0	0	0	0	0	0	0	0	0	0	0	0	0	0	0	0	0	
38927	xmms-1.0.1            	38366	0	0	0	398	163	0	0	0	0	0	0	0	0	0	0	0	0	0	
11299	xmorph-1999dec12      	10783	0	0	0	0	0	0	0	0	516	0	0	0	0	0	0	0	0	0	
65722	xntp3-5.93            	60190	0	0	0	37	1445	0	0	0	0	0	3633	417	0	0	0	0	0	0	
6592	xosview-1.7.1         	367	6205	0	0	0	0	0	0	0	0	0	0	20	0	0	0	0	0	0	
25479	xpaint                	25456	0	0	0	0	23	0	0	0	0	0	0	0	0	0	0	0	0	0	
9942	xpat2-1.04            	9942	0	0	0	0	0	0	0	0	0	0	0	0	0	0	0	0	0	0	
85383	xpdf-0.90             	21400	60427	0	0	0	3556	0	0	0	0	0	0	0	0	0	0	0	0	0	
75257	xpilot-4.1.0          	68669	1896	0	0	0	1145	0	0	0	3479	0	68	0	0	0	0	0	0	0	
7826	xpm-3.4k              	7750	37	0	0	0	39	0	0	0	0	0	0	0	0	0	0	0	0	0	
34772	xpuzzles-5.4.1        	34772	0	0	0	0	0	0	0	0	0	0	0	0	0	0	0	0	0	0	
25994	xrn-9.02              	24686	0	0	0	0	249	13	0	0	0	0	35	31	0	0	0	0	888	92	
89959	xscreensaver-3.23     	88488	0	0	0	0	401	0	0	0	0	0	1070	0	0	0	0	0	0	0	
301	xsri-1.0              	301	0	0	0	0	0	0	0	0	0	0	0	0	0	0	0	0	0	0	
787	xsysinfo-1.7          	787	0	0	0	0	0	0	0	0	0	0	0	0	0	0	0	0	0	0	
236	xtoolwait-1.2         	236	0	0	0	0	0	0	0	0	0	0	0	0	0	0	0	0	0	0	
3096	xtrojka123            	3087	0	0	0	0	9	0	0	0	0	0	0	0	0	0	0	0	0	0	
8540	xxgdb-1.12            	8540	0	0	0	0	0	0	0	0	0	0	0	0	0	0	0	0	0	0	
3438	yp-tools-2.4          	3415	0	0	0	0	23	0	0	0	0	0	0	0	0	0	0	0	0	0	
3245	ypbind-3.3            	1793	0	0	0	0	1452	0	0	0	0	0	0	0	0	0	0	0	0	0	
12124	ypserv-1.3.9          	11622	0	0	0	0	460	0	0	0	0	0	42	0	0	0	0	0	0	0	
5975	ytalk-3.1             	5975	0	0	0	0	0	0	0	0	0	0	0	0	0	0	0	0	0	0	
35554	zip-2.3               	32108	0	0	0	3446	0	0	0	0	0	0	0	0	0	0	0	0	0	0	
4087	zlib-1.1.3            	2815	560	0	0	712	0	0	0	0	0	0	0	0	0	0	0	0	0	0	
38453	zsh-3.0.7             	36208	0	0	0	0	1763	0	0	0	0	0	331	145	6	0	0	0	0	0	
17652561	Totals                	14218806	1326212	13619	140725	204634	469950	10803	79656	565861	152510	79605	245860	14705	2806	8217	1707	4045	97506	15334	Percentages           		80.55	7.51	0.08	0.80	1.16	2.66	0.06	0.45	3.21	0.86	0.45	1.39	0.08	0.02	0.05	0.01	0.02	0.55	0.09
	Code Percentages      		80.55	7.51	0.08	0.80	1.16	2.66	0.06	0.45	3.21	0.86	0.45	1.39	0.08	0.02	0.05	0.01	0.02	0.55	0.09


Total Physical Source Lines of Code (SLOC) = 17652561
Total Estimated Person-Years of Development = 4548.36
Average Programmer Annual Salary = 56286
Overhead Multiplier = 2.4
Total Estimated Cost to Develop = $ 614421924.71
